575548925
1596030349
533148704
1300440693
325028510
547592876
2038657527
1396115415
1100112783
755247790
1147824302
1558705771
71115741
539071077
1907615349
3976751
1121757402
1542600255
1601710204
1582749633
969995685
1149784943
1288148421
1007414088
1972930771
1007624777
1076602471
425347428
8508736
1128425548
1962076126
584057660
576972248
347741182
1884498352
902000758
895334057
1775672230
150632524
1995446839
383436371
1298456825
1406668961
454552112
1837527902
1166800662
458528862
811801655
561917268
2060239065
247067639
1531912952
1062540359
1535216059
391843391
887987481
395357188
1468445862
1313334909
403865923
449387761
1127927386
987923582
1026360009
1475668567
724938286
1928360766
223518976
353126867
2078993289
71482166
736563238
1229966466
1478151127
1191115349
920010719
497468140
1649644210
1731812373
1059385407
1562399626
1978880012
443814711
477456336
1366612422
835658101
1365443817
1761969609
156620314
531295077
18351883
606008075
1659222462
1006275465
1632368083
987407381
1731213750
1413245200
1210926356
2084340616
1344754840
1282408521
673420205
427237657
613075999
1864535553
1347248375
1110544138
1366696114
931577100
22445897
781612091
762973463
466260607
1259068427
2129585884
1301918707
477028595
1744071845
1458539021
1008323671
1762423727
2064547095
520062484
621215543
1549431529
1507469864
204945644
815193080
570912571
141802612
12464271
1853321092
815222816
439701928
318913442
532274721
1786950302
1429457580
1898970834
571043753
1451903476
533099277
1334017215
1918164082
1792167703
1316119451
1072599140
121712649
912707647
383654512
1130036319
527647725
300717958
1650098802
1148863268
1850149486
1010085018
1353808911
517858917
1580997588
1495611522
530323188
1286835031
163350690
970025115
1605748473
695625410
609491768
887722404
447112595
1180535521
192142231
980211871
367069087
2110306312
624895925
1683188537
1035421803
746608573
448412535
1419076315
1876644891
976060260
1719794272
1379260045
2124923527
1422460110
241861414
1331248789
1940319026
1822859001
679376663
323158565
962210384
842727352
1293183679
420475208
1538352761
1902675447
1308197611
1985465355
935727319
1500339841
818193578
1302796405
1463162504
1443089502
838501294
351100658
42214427
1286913828
1770176972
1918859317
115490439
1342487596
1150635713
92930317
617464057
1392497126
1424179106
410299434
1067872479
2103555768
733457999
2030082862
798799471
2026641677
303074421
189668583
1781833475
1611272031
27650289
570077145
964128223
845843866
1872873550
279807078
141449720
563891195
630907735
183664146
1850805022
253601059
2102523462
1966295461
1596088654
1105675527
2059225777
66069062
350689004
1335921234
476368495
1418561482
1291993353
1209826493
1301160695
2090792823
1088984522
1604235115
132977757
723334348
1068023497
160628046
1293411493
2032151719
1006471911
1018801394
164475148
1147921630
1582692588
795382883
1331585775
1286013961
1048983941
1286625589
1104825773
497588946
244817467
1016567902
563658007
595506470
205005487
1040026501
2014067952
1496998840
102369346
1167744998
1440308014
1191353867
624496465
1573285771
1914688214
1692519961
1733913816
1060616058
1577188032
592902078
2079417451
1741663179
1740823708
1514626390
389562413
924925834
653156703
1438546353
64067774
1757982475
1936135298
308885240
627066728
352309656
904391710
832072215
1392336157
770976013
181587406
1494705502
1938721010
1621895419
538575720
415733826
1047697541
305780285
2108253787
634127708
1366396343
1537958170
1227029786
1298330145
1132137700
820369845
665472887
1521700113
1745295678
1318629589
812762817
1809363452
929128415
601414467
2118248691
1556195143
953724122
875156752
240783709
198576630
1646132764
422371114
1693282131
1437370126
2044266532
84374202
1853103951
944480425
390154487
1813874089
1578608132
1756550829
1204348610
658154269
907397325
189002662
1478524113
1572870211
1710702774
1076336143
744016151
375981942
738215946
1673144566
977396408
708980988
1081856060
1931120530
1584137740
1322639768
2129697159
1082786855
1745010881
1675495642
372673332
1641793764
1759869843
78293635
438790540
2540681
1892167723
2017398672
1759091509
949032685
528069292
519005186
1138035346
2006593405
2091875396
701254471
935445899
688407899
1077236412
1673661844
214068816
2054632820
235159183
1295924875
1838269701
1819296922
471080994
1820483211
754600129
68608226
1348495204
1127273460
1710401989
960881399
1205567094
1708881
963422079
950251169
2019107552
575029940
1899283853
399693195
1094035125
889835550
258802951
1038426872
1591090020
1194248849
1726834770
520842783
720427044
1940903585
427991954
955586227
1089344811
118778006
627399500
1560425804
1939261217
1381999628
1629034029
1140272772
361789440
1191952370
2101154170
1567356533
1193661250
917092601
370124053
1065285153
1492122540
121924257
1464978347
438674016
1011759806
1723781298
1477100887
455366177
770546498
1056452009
976208960
1490973542
849871945
1404200913
299076120
1939216756
1522978919
926475619
1352158911
1314756487
160991599
833709292
307545610
522781038
2025661661
261216132
2090137570
1071839262
1178308732
312777975
2137124414
522947623
434702231
1454619112
961621638
1446462037
1030916761
291238876
1901828213
1801463259
1347690884
730553524
1144953152
50079181
2134754437
1444029271
1989295936
1510249707
223021241
1193971198
677522545
384012839
2027680489
985068154
906793876
1905858501
1246284285
849447798
830214114
277109368
1162225772
819854879
800056990
1596928002
126990343
1761678627
895906390
1157907103
2052917503
650250955
811886713
1253124738
1380804478
1956839864
1303203918
1368075266
1253385486
1145016205
730841324
1476406727
191503755
1408363868
1860419565
71700595
245948374
619729793
1977559096
1492232658
1469177590
660289561
1769342026
483919713
1480144440
421915367
2080847714
1607134782
36110346
829270456
617558236
2089027848
1479521410
1429444949
1194668937
712842239
1238801164
350389207
2080917505
344703002
1495405411
664275180
1821109728
1686909165
2072639048
1534045644
1758609760
171103773
6291788
1588685207
1663336430
1475469377
101491119
1285194807
1959389089
1581635558
1707110174
1892753155
1041286691
1743220519
574539962
1658844927
1684764718
2054061371
940806227
731950006
619419961
32123742
1082339212
552853817
376826743
430260975
1217128997
50452822
2117170139
1142284396
1584498466
1728296250
1313388168
1590790253
1169497808
829240949
918775982
1270988927
2114435756
730681422
705140836
1674062281
475950928
1746427527
1269799151
1050490889
1257788805
807080220
957068611
51111383
1539030225
1576488572
83235124
473885789
2129342388
460061867
904146763
1198987736
510514688
873833253
193788483
2095013153
454645855
1507176650
1538319758
1624143662
188933951
309612091
747648940
155886058
1040293512
1452789776
1829948338
1516244440
1051733654
952263840
419251680
162038810
1759344059
1376320291
213150192
1150890635
805325214
296385315
1624776423
787183953
756447181
381439537
1986171689
1266961869
1255272790
32476523
1214491373
1709918644
1539653173
605327482
1186578657
1728587123
914939572
1934227597
1884473180
1955233084
1239533724
1566937869
1323993875
143783729
371718060
1743245554
305822538
2131062118
972082196
518972729
1134469104
1777407409
815358043
611761879
417107714
1571805224
993201415
255795754
691283444
100990556
288272276
1905774816
1810909199
1827925448
363618650
850004208
1409028922
1278558221
636748156
1146018453
1086307656
1876281879
565472673
262817882
2020065607
937190732
2006063436
178404496
920769201
830661983
697377224
2055238305
460585744
1512735266
519516535
877693457
937056841
1512717949
1133489210
1628340284
1613708505
1421761485
1386631452
1277134055
1102203285
1750250101
2127138262
363748558
881324673
616402769
1509767011
1967632329
345200999
2075239683
82966562
217782957
864946767
2089029997
396187452
1785715967
772208332
1093564675
1693470623
1232794075
458816293
65503509
2110487531
1395873133
1578221458
1096493092
876729769
1044446314
370770928
115877572
174096720
1472974212
1866127672
153751334
1836722770
599968696
770154102
1199006132
420117376
1115355101
1126762166
503083938
1333138057
1991708932
444630286
1729325509
1629941251
1216838617
675406535
1175928225
302149043
1134222827
1241431734
265152925
382612312
672169543
1361646016
1259342080
1716615856
1732416944
1375219651
1890712575
1057907507
1093863674
2044463908
747146628
1693832369
667134362
1946152759
2113949745
1782489462
925431277
469550034
968143870
769656560
914180319
549985730
252114162
2131018936
1225392265
1428042387
285684330
212131443
521990472
550837255
594743754
1194160014
1912483270
1854085833
763292221
1497416565
1081821835
506521147
407840424
28201860
403501407
1154987051
1722034229
1070635768
953656162
1688500325
705641581
1879087438
10566710
1673785450
501260349
924747028
76287532
753374511
908282315
1301679796
33933249
1193966645
1513811238
555923720
1744803899
2108554992
1750083733
1509803520
1815157176
365892305
859736437
749495363
872413451
1267576860
777697222
1275914857
275080262
352247802
199066976
1228736423
2040748126
904708556
960340212
2051314835
431010358
1461600561
828578215
507297889
67491423
1736860529
1808977684
101424671
783343525
1175305273
657348390
380663775
1136376616
259948474
1890467295
804050144
625840778
602720083
1553545506
1498254228
1870296942
183759079
626685437
2145377203
536006881
825752412
1226629978
429271358
1730460968
39486541
333102545
13987677
1501087101
1161680759
521285565
1568578523
751057639
182779600
1670003193
1534401164
1358084872
179867934
1915064938
346977840
439816407
1658048584
1151027983
1065657184
113285018
557089840
416427764
1983581959
740848918
1043113200
1981475514
1276855798
1868865611
1060621843
1706127156
1451842930
1100108383
2039229700
1465830606
453711836
1053426810
1987116170
2022290358
1804484448
22412121
1544809903
1191401963
1380496993
1724677836
958983253
1727474832
17010595
469548188
731019166
1082667778
582833206
1288109005
1499095541
418931516
2028957922
394725092
252923381
1158330072
116107055
1313545223
716973579
1567949984
266169958
608719630
886296942
719881793
1662146439
725929463
594688502
1319147238
748341584
2139498404
363065553
2128838576
1716692592
1322048805
1708829759
1733703186
1791596992
292365276
668887315
226946549
1580474280
20499208
645878065
1461948553
415224299
898801445
472794976
531331353
64863020
1189768554
2099281337
331032977
1798488183
838094630
1050914769
1313150973
1564024092
1645603270
484814563
164882027
1637618026
847880115
146236954
1206826969
22445271
1855066712
793046506
1814042262
2147431987
1461933820
2040988811
1580422618
1482433027
539383227
894887523
1897657326
1438184671
1367682498
281505030
1503047690
409967404
233302718
1834080666
60971938
1071397347
737511786
1374122911
487937791
235631408
1858937473
652819817
1873249433
559333939
799056771
932592753
581779209
506639834
1725639258
248337822
506588173
1040089429
141842984
2087010790
375038808
681226210
834414664
125212485
2119410881
54613514
406717514
1474974922
464580917
640020232
1161571940
525552854
1711417578
1899083725
1899675764
51871720
2134715132
1611129588
704691537
1860480916
22979878
1503748307
645590020
604759086
2010388140
223745629
853096908
369492664
1263835058
994939891
309019806
1638873865
1676166101
1143434469
1764086349
1648093333
1198047982
23320214
975584606
1662628898
663340445
2137156545
40698104
227274375
1888756622
1940373867
279146094
1875988105
1404019807
983837630
1588985373
1426999684
340102288
87091744
2031758770
203006780
310837373
737372029
572499443
1574672430
1732311919
881519248
1066062646
1260994371
2024953717
682665346
761604055
1075518050
705985559
1737188661
590663300
1369326004
1726861557
631361403
1596600378
1468134530
424251621
1875746471
1196638987
1828271427
712100453
638140711
1107787463
1052202740
725232454
992062584
1255209519
1036069826
1729434612
1827708962
463258607
1314262882
561744561
1529321252
427773605
439214629
64502949
1189377659
1514732679
770488508
779082671
2105395978
2139814511
358460580
589273732
1588931240
1826595109
1013525352
1317194062
875750447
694313131
2029294514
1513891157
1802100593
934013606
91639963
646679528
41739476
1127709788
228630491
1869448437
1590968395
1542893372
283709350
972805998
1970666976
722923978
1037308947
1012560987
90173008
1807797454
1791643657
48085337
1800128316
2620588
637359068
1241575907
1829215697
1650884420
411286320
557482495
197713902
293097186
2071373652
1999814494
1227110791
15529966
499010373
1268850266
1143239753
727640863
990815055
586724499
123050586
1274524404
1559530497
2093717562
1997448381
449355795
958794900
2087621389
109669600
602954908
2135706725
1909797915
605575496
625582145
1003890173
287307544
128982916
1415176492
844790038
326696817
1708273677
768680041
179027662
787900819
784210006
678038034
2056751085
1927449759
1405678896
900082491
366690609
1528729481
27123246
1926221105
1474963394
2024571626
228093251
286274645
1964709366
337762850
889229553
1952932443
100077116
1494805048
431030939
1103967288
1782112591
560013854
371660132
479418980
886710670
2079933808
1248099021
1065738331
720350979
2032309026
1743776364
629618415
1812275136
1001971611
1529700905
31482097
383217443
1556824150
1957703201
1858180837
1433912127
38312804
2144455481
1251137845
376075653
886201385
1056586639
476152769
233522784
1487617577
1580120056
2015635374
2047631430
1951780187
347570706
786858451
1884230347
1595669726
1852596781
457097677
1480495103
1448889496
1086716091
1145286591
303377458
468933347
1176768687
686594900
2025757496
986988239
397292088
1312185974
1025301042
394263921
415840170
1401376695
1280465305
1472426808
1877529463
1513988089
812560736
1310165870
1382139814
712708517
1114462409
1729710519
1499566967
851209107
1177896596
1204680099
1308306783
510908051
506085946
247539225
1656194641
809463403
716472571
685479679
1496058303
594746418
1672467917
1893350390
1906932391
550285311
140130662
175288913
1951662005
1420595967
1647715720
1681707819
787100407
312792808
844390040
21756572
1025501324
1958852448
1751467091
377584643
662577906
781880038
1582264741
1970884688
1292788088
2088350687
70940264
801499080
750330441
787412834
1486978758
98905095
1382159251
1011963027
1992255485
1141607994
1562248337
2132386146
1316896906
1366426693
1405498464
817128977
900650863
45115222
1129921784
1745040902
66871794
7939460
1556409702
1818338884
385524102
71503959
452735273
1967788842
2042388647
1745523361
1908655880
2113328910
399538792
511502673
753258096
1886517550
610407767
2135417346
750996928
455179603
1129541691
165761616
440082101
298954948
1532188308
1845580564
1116083925
285355522
1890695786
98522060
2030396423
1957567579
106461519
1439322476
1628422814
491985620
1510826435
2081158086
312290814
1405731433
1679197798
73463045
1371576694
2078736590
584965717
2124834789
1817770491
1195373484
2112768487
421283770
1650553086
1094826529
587045385
2090635186
1393781477
2119233692
1788732102
362381753
257105565
1531944239
460903812
140018339
1342028169
567365331
1579340815
822967334
1059350950
942683601
756641771
1371641763
200931385
288355921
1445104808
1572508078
219608862
2030070524
1549859219
2037379352
1077960359
1515144057
311179473
581029797
462486937
898224857
524181334
1856268413
869974900
165429787
71166517
1127080464
1697374025
532070329
1267098802
891918545
1099435659
698955968
1714885878
11302960
1641639568
324044001
1382944723
1842570952
612399921
680565882
1267595382
832008782
563152757
669970952
721904485
1641113116
37631360
1033083957
74659264
500118296
1931308813
598840597
208903061
653800064
764270384
280069577
1780880527
314160760
812139905
900495680
1206079305
1911575563
1599451648
773481534
1922878523
1093607567
1097525534
1158339597
788694871
1709925454
1838905478
2056290252
394450587
254574586
578777555
1116355071
1895687701
616408914
1955379
1970346964
1116527209
1933264191
421703913
1325430269
439580606
1185974296
1605499846
72977484
1500135055
270156102
973473164
558730711
34248017
425441163
1332212245
1957126539
1519048729
282254130
967982487
160259951
1992179584
659404316
69066554
239146522
913978901
647844108
1355501593
662182954
1264253021
1357456971
485046269
233296582
1143237514
906750181
1558726850
1582818119
2092724476
1016743047
1655795603
1445375883
1286899149
481785118
2004106593
1321147165
907226280
1188835189
1130790055
278791360
1471089319
2098772541
439051311
1315785254
610693208
508117864
1554931775
1524672108
1155961972
762949719
39371413
272731344
2120406690
524417682
506027925
1116160555
1431167862
2064754775
551495025
1376408690
934014173
59806979
674300924
73429673
541592096
530923868
1394576837
1448818375
1719759057
377883243
1727609735
1043364727
329172135
19177397
211666332
939865342
527295260
1766598106
317053802
1683257231
382064177
356425214
1955988575
354987218
880842895
314532851
1471147772
164527109
231803977
2022642796
1540935798
1165818150
2082449775
67753073
1239247822
476558222
598676940
486341011
1925376597
170952348
864224253
1505502683
1214317074
1193396388
1524680079
1425983405
2133261729
2051975338
1045097863
302831882
1587748921
1427162039
659257096
1396253847
1782149256
1540099990
1710786697
1105813379
1704627098
1942590674
980972526
1098079247
960925175
915938652
1165832319
52689348
1392496874
1764509259
539030358
1170389822
1935461606
1403254611
528408856
1002295032
449167350
2053088934
280794788
434945430
1957580623
1325892650
737777312
1397845895
605571040
1397034407
646616093
240236647
789650748
209919142
1346050025
346794198
5026167
179538903
1444873444
965951341
1095477554
463222115
1018640688
340490779
80247725
1557671046
1510880600
2015709330
813442008
2039289455
870520713
1262609357
1944894740
1151315501
1697554786
1754991715
329724502
287848449
1005353961
935295542
1684882855
1651970054
1175532188
327049955
1861889195
374098565
673844152
1866915361
553637467
2118717595
685383053
1649115020
434456061
1704023740
1989605799
514703785
1114211137
1353002750
382929467
1927653144
1244808557
1253450179
1042778852
1042219648
257282031
592849990
649727714
587006533
880698438
1655081675
1522302074
418097645
1159568080
550350613
745147599
873973626
924449177
1418991750
593405338
1478086643
1390225696
1278788390
979718015
1824681757
835328481
821840165
191901893
1949539618
27359266
574831359
1729709113
1272167822
1828281538
625004317
166903822
2085563568
1217854306
816631535
525086452
2098552743
324229561
2047388525
369166739
1483797640
450255490
1114314337
210287617
1374704666
385822438
803692954
705307661
1776048134
2082481343
1685025675
1453246242
770326176
359382191
1645148134
572382145
386741456
72495845
154607609
1658909278
1900777382
779611925
1825813099
1838857301
1997466230
494960985
216460105
1948535325
819190546
116364981
170218415
155504537
566620470
1284532752
365792154
1941325136
1670355189
1169485107
499149148
1298919674
1104482802
36691174
604682267
1874808977
396073364
102346753
299707473
782814819
174842597
454315081
294240448
2075619978
1233927006
2120053546
1766993630
1083909587
467530883
1983453734
884961263
1286721428
2099818715
1055179678
1442225964
518955536
192228781
1808018117
312797023
1862583969
830019576
811946170
1014019995
1934502377
848637343
1618702261
1661827705
1244710706
1721049013
1961535177
2027525525
1895891609
268366609
174282324
1824027938
1502293614
146852222
1443537920
438719553
614383104
1279508005
1323680815
1901104531
1231843071
231376844
1195846846
1750798607
423605624
856381315
2063595629
138705945
1686400890
728058151
1152725939
1473419618
1576695493
623944551
987763674
673922551
197509916
801815202
553964427
2093401524
1070181810
728246750
1769945814
424991776
875098971
1066000085
863711328
1489482074
198024441
39908494
1243102956
1429867512
271285338
291466154
1033182470
694890961
1147847468
949294450
833596905
686764709
1677352600
1986322843
12700678
1106564445
462783746
1000464351
1780486995
660293661
1802279552
186967773
606211536
724977713
915214522
228673701
1149969488
1790313493
1294673785
2013680815
1132311918
1492698226
2053589309
227931226
775082089
177390998
519397379
1808264558
872281958
1667244846
610075359
1705878863
206525906
139944311
1544718057
219226583
1246508755
2007501802
1219690933
879512101
520311814
874486836
1066479873
1126523350
1599464548
1981694394
1355197050
601950388
1624524238
502387187
468147554
609352508
1995085412
374253214
837283733
622683852
551644211
1356681111
283464761
1423926169
876442308
893540119
982321383
1082968213
1033484429
379555791
1302194795
132509535
239573945
374402079
1012021635
759885758
1248888914
2078501507
1886409107
700869813
1912712253
1094122509
1302820200
1389752842
1596509695
1770967754
1999105349
1444111458
2145220967
688905433
2066795309
549381530
2045586543
202776421
1973307698
774545202
1096316539
808145432
1857513414
2129800968
1187701222
1012224560
114826854
1427275166
1386626638
1126848489
39677276
488031903
1057866347
1926086382
1188901716
823094951
872725242
344238267
65364145
321751288
2115206020
2064469493
1765862745
2112943339
605891278
1685174405
514841220
503994172
1887950825
340665269
1278539374
836783716
1148810700
988569139
819101035
189028273
2000793699
933927888
1616303439
1239936688
2060776376
1655980714
1727968591
971159075
1434583447
769386658
1794254025
159825041
1113624924
1859618169
481576328
1081347296
1776604014
99955425
1046806986
235011643
1785129829
1561648205
739005814
1525597006
1902313473
2017545187
214897073
903640524
858630678
1033998107
1092668796
711940728
1967925994
561488586
1951877415
1881218722
69985651
1532362357
704894148
1504569098
154265366
351664524
1664394138
1267890290
63799045
2145970465
201753937
1840403058
98442241
1248560922
2075414700
1883572070
662725478
666936865
1261685427
417555302
536998404
1476582499
1321195825
1395629081
363096957
266380972
2107569808
183539302
827869558
1911963574
2064758023
897855208
1296842283
622168522
254940657
1451107648
973833046
1919334794
571514289
1037632090
1917821611
773268225
730551499
2016263851
2021829146
658482550
1752352272
537070975
1325419414
866554050
954626276
1862417817
195652900
128338452
1110563249
558749856
394719424
1070649408
742289158
1222588981
835129334
659563532
2120444188
2131971616
1281732054
227901197
1435595615
108081451
2147235990
2007109904
1145713540
1917573952
632894480
1876265038
1786354155
507239978
387263939
1391222778
1044310952
1712683352
110293180
1998937228
1427617521
305946079
2127275679
390697121
864695935
374511454
1461346529
1606985092
1597100434
148992214
119064975
1570060974
133480181
1400797028
1797962170
1569075795
1508878478
1797714511
1428702050
507108369
1567804815
2061596530
235889758
1206675321
421352859
623153696
450414450
1465663810
188353400
560707629
1317117389
1615970920
866653708
1296909420
2006668040
1731349642
1671420873
1320530920
1190851085
1121037659
1469523133
1309916059
543614984
1603003313
563229439
194093505
1024595460
2072107916
1991808015
305813861
431732637
1412129181
219926742
667622394
471320853
641279600
1290776090
921735303
2106943410
1479129489
1482442931
1276577150
947616760
201612990
426002921
806801151
1932962631
2097423794
2127332071
976330067
1070977804
1449371555
138762478
1614592787
904891220
701991916
1808686291
1929486679
626616183
1653010657
87816891
1058348819
917656190
307743633
1725971213
1388977042
949023232
869263654
163228696
908482993
200909494
1645671627
37576495
1148526253
1847284616
463579415
1955327403
1632763599
413519560
1935175825
461610017
1484497363
1237063732
600372494
951606501
2141954951
1302364409
612809143
1923957981
1928980592
118336152
2011774871
839845762
1035992341
172034855
418333326
277485734
1121058087
1287596979
440714430
2029541079
1488506472
2086386056
2067117573
489549076
1786187023
383213340
297392831
1271466973
796732899
85085007
1733076990
133746614
1322148738
185965835
1085353114
1316620040
1488330244
1698162257
1093094372
1269827187
1816498408
957385595
2109672948
705007100
1129420449
380522626
982492833
102994887
1668119604
1423207262
2132535966
1009142428
1362109669
2052169890
1498691503
1000813044
287899581
1796084333
124796368
1084632480
1881169340
1857873357
1218379093
1055834429
2043839192
156248558
224970821
1384685787
1854410814
1318065192
507029325
1523425573
127967138
469218624
80949024
1257387587
849741249
1063441857
1360382473
370377205
339165470
1345434790
1379519632
1701275139
1250121032
730727486
554604534
1538020612
379328171
679400901
475169443
113013862
389790610
1693548535
1168848290
286146153
1849797093
1393819110
1670831939
1556724258
564400654
30377615
932666183
692367791
499596238
1013615206
1949755377
1349337487
2077057062
1162654202
1719714691
268738884
360605343
951750674
1970014022
1610726374
1682478159
377134907
1001263338
2061806329
1056535807
1476432780
27336542
1446326416
1022497667
1196184832
1732472568
724811111
442520293
1255820858
134051720
1006920946
1286198472
1066717902
1699288737
1785794710
2080333108
1501560465
987648548
2009906521
516731018
559879590
131161756
877336361
1511630263
2101175777
340579086
1046624773
330827035
1341842423
960947454
1387362842
670791555
988283995
686205609
1693289221
36985178
271194529
270616683
479505471
1527015386
404668402
1486426416
665730210
1471386304
1038231504
304041271
1404235763
392308321
1291689818
1266658635
909039338
1851569407
1397820391
1786375698
1215716021
1351512519
2126954784
114857145
1682339554
1321313558
1075804598
922218747
1992105112
2064088593
1608424355
1537910684
2101073770
1879618883
1808527366
433095592
1259150621
65712120
1919522008
1924880830
1537098423
810269863
81438452
793850537
1202578183
1373128269
2060509171
2111617521
1077214027
1310845913
1750509570
145446399
514874784
1729980705
260303543
49730689
903810615
1336108141
971949435
748432078
1252713085
432890141
138859114
1206303206
165025376
1947386479
1639398798
1424175996
2013098598
1411437157
1201573177
1402713372
74223371
1283011628
49080260
1276801554
508656248
2109589431
1240935426
1585870274
1272951695
843961347
1731316672
1787826478
426458404
1991620214
1837557166
1330269018
1180244706
662022952
2078701095
285474142
1094913093
70076560
1491777348
1259938468
2017463039
983692497
536630815
1883077988
247646005
1738203991
1138307712
321869375
873731970
1187387971
1598670928
1382388217
1149493753
692122705
820774842
274961800
1536084052
404607865
2062788277
1962542455
248744430
1752861795
1145327824
1428989136
267401098
1076545270
1714463277
1362314190
1146621830
1058756976
474769009
1016601220
2042449472
1011399823
752195559
142611828
602120165
1890503270
464481203
1475852134
930407593
2063152130
710756702
2079901345
607791187
1531531543
207379496
2143875238
1936139407
122684125
1958934044
37400189
1875545919
956778219
1466389324
2142947016
2033323488
1033368952
1357777558
1032461669
2092125928
1832546566
2049062888
1987091751
696462741
653774799
2129703579
1298582905
396794420
446701133
626951391
1327202012
362369614
1337708092
1259619709
970160800
721755987
1466999204
966552389
510411745
1589683328
778002784
547811933
1317745598
1734781002
2014201256
1313208966
1620620842
900086560
523502875
505598862
844728839
208565792
407178102
684336941
905028532
1060952900
666556871
56127789
1457747319
1113258003
683079179
637465683
1475627617
2020787270
1897085391
298304768
595059608
1216600946
1264857157
1105471353
658800626
2042859940
1653283285
1976546223
1630157294
1520000893
1142271540
1103294487
272603804
1665774414
1608893348
1117332642
1874340206
2016071449
1801669582
631885089
929540700
320742805
688012877
239804371
1434000807
1371092055
877270053
762144775
1244395677
626871795
1060449543
1839455284
1843472740
177823051
797442988
354789717
73199342
303242625
183852292
1703356635
1823243517
1326123831
659167473
2095847320
844414597
120577173
1065696313
571271154
2136648621
719882246
1203156242
918705673
1040625050
1891169119
1158510043
327142209
1114777525
2035780095
1089286983
211689553
515168241
2252877
2051144837
211157332
180075927
701104176
565947049
253275269
1004346800
749799340
1956631903
680106668
2075923170
468315728
628470339
772854118
588892900
1694166651
1344125271
578057872
266565249
399797865
1496763544
1307190298
143483335
507789938
1634332506
1258260859
396086384
576135841
1469950412
911254624
578388717
1373611600
1122411956
758464644
2074715775
1688359004
1011739912
931578927
290674695
820888166
1611685594
219114216
1289203893
92672285
991968334
1878096792
1786838935
188609956
308671016
2053404183
588407820
1805434559
1213110833
731891154
165740849
699959690
1990152013
561827232
1276095530
1312618776
1473081856
1854484247
538746727
448010163
465465242
465978853
2136369166
1477205153
1397557779
279560212
150609670
861759725
498674427
1439813563
954432009
1490642760
1170426706
593787295
1679252716
1479097721
499707830
120176887
1137048632
1712818662
852068041
1302789480
265294703
694736405
1864616711
1541390233
2007355180
1190214918
1248390831
398618258
1638225080
1713856072
864597110
1627110597
1043577576
114671241
1906670808
1194187245
976430965
257861587
486517159
1930862973
1748504346
1656943865
377166619
1280273413
988557937
876874448
1400450300
2125606568
442209461
105034692
1280912399
707504164
799771096
998045462
101410748
659642627
40776731
1349801578
1058260884
1679001811
916174001
1922857993
1158628759
1959751576
2037529233
917815919
1006455172
866476549
1175677505
1492972331
649855873
776698202
1002432547
1027022492
2056971615
1990990483
1903896939
1309938266
1969113403
198622752
1414972957
1102542153
906126915
67260404
2100587614
1007537662
726903030
2141364345
209855591
1785163913
1672882507
1126029591
1560538257
684027617
938297518
1450583842
1601843535
1944752689
169576742
630037391
1290241371
819432615
1406735593
145190269
1846455106
1316223559
2136180752
1602868396
478678176
1957810506
1801491147
1893651132
912869010
560134413
1960911535
865972976
1567672074
540330916
859853672
1777527664
178011180
385252530
756073606
1738549436
1069280146
1694371123
1041649629
523640033
1491640164
1211226371
1153677423
634397886
2030658985
412929367
779588155
1729630442
1729152925
768285258
1185015189
60347452
578612115
839022688
1953998583
1491481124
1399157100
1767426469
209970451
819345526
160273736
1069824122
449389541
338284915
1455076651
1205463147
2076834351
376873149
752350621
971000331
900513181
96507136
34743053
2054190603
730905022
2065402037
319636322
1510493176
1647548830
2048789246
131294785
685080371
2109136698
709906899
1524103058
1915651632
53904374
775776509
1535594453
263874825
1595122034
1695868188
1333698946
2044511575
2034153103
641291949
1102491073
1963503805
1018165097
1854841693
787020487
1918678277
1951348829
821763540
1825385231
534770202
739681928
2145021552
2045263377
239747110
2046327150
29074513
924827480
2007980199
738981411
301446889
1776148182
792885784
1077223397
1164258986
1056760608
524861783
712643526
242975906
421889709
599312980
884267854
1524380781
415333136
1902432950
1231738825
1202353622
1673627578
1035604005
2024117161
1351529160
1570374206
616315441
1349067064
1468153934
856062550
1247910565
1497228446
1780890029
1108407115
88726208
2082336917
737071648
881611992
1012076665
1901330634
1938372599
1536938447
466490511
33864856
1958828155
1065803490
918132709
1335725287
1481136625
673082010
419980464
536006598
199225939
1455584468
412640111
1550755099
878475026
1028955551
752338514
199145311
1885018100
2000249078
1696373757
1518424480
961172544
1785099964
1453277748
1698244191
519228307
317870764
1452091176
310117258
1854809211
1918581686
343982113
1666153717
836901527
1262114822
854395356
170554503
1935196831
1274375819
706561101
2134422770
582476638
1119201211
1537694220
1460951663
673113
142549085
1660096974
1885691212
2142798162
1208987082
1256632043
956487057
846603397
562426142
507247599
1365831704
880296905
1959338775
1675948961
587622467
1730436812
2019931073
106292536
419854691
1134562246
960687891
590409193
922275429
87580061
1296970293
909214550
670056698
268687855
299425121
2131008361
269360967
441974205
1643621686
7568530
437288718
705125119
1264200572
1393775774
1551728515
1826626713
1901023372
770076570
559439970
1712878498
298541882
1147062436
1295831662
170989307
1253354971
1715686352
1305551552
66559213
158611896
80343332
154139273
1455582189
989557881
824195971
1724270043
1288983001
807720683
1993631010
1730957205
303858720
2001199539
20762274
1008983838
1117916463
1414538047
413228704
797059527
1168077771
1183305274
1356499496
733472620
1481847155
356078284
2029304281
1652836461
1609433254
1597506984
810904365
1675992467
1756118880
891247696
1830131739
1064217420
1880805577
506844061
641003814
1022304929
1314564743
487151175
605778486
1618423462
340867066
626540759
479923651
1458783528
2041078806
893152355
108359406
1061672928
2076457628
1464858902
1795145547
1410821134
1820937185
1676966180
916173947
1282886790
1126989515
1727078311
811395608
735624746
470842358
494043699
1799842165
204164286
1000887759
293362331
1226469215
167968854
780513505
1832247700
1786392315
1121380570
311304810
118832318
432680449
204899967
1011984672
541039855
1266572894
940958651
2005898756
914234793
204296136
1679352292
443717324
1120470082
814755433
1570706838
700064744
1626151041
158847936
1170907102
2120194739
1958690100
1375071387
973598849
104568782
454056953
1141567702
885082287
138821004
780476369
2006462856
450125814
899308686
291659657
655025780
1911293357
832699511
1921598674
704768359
691114618
688349818
909064494
222983261
1132067141
2029534576
1037738693
555290330
582115671
516406085
714138265
1753022772
489117175
525344717
980610511
1462716024
629913498
1434667463
456800077
1514995784
1573488467
1237276445
1373974992
2023614280
2136585130
1665634648
531156411
1900394838
350850510
305271436
457679548
1041965127
993621253
1366744042
1264948387
2125688393
1248794969
155203431
533495075
1830910639
671609516
1247633339
1436449763
1160726690
1772978055
269576625
475959065
255407905
1704244087
932759142
1770403688
1130248905
22551938
996895031
1006379536
11653420
515046030
1537535947
1912048257
865896539
1842807382
222244157
1907861665
688944987
1588988198
1025326403
667149731
690299518
1180529834
1200644805
373726508
1852139349
300794496
1810176270
865382390
2073772550
2079752894
1341341455
181696806
1636513333
126616948
1952100494
619278589
149168885
801511876
1625658125
160822304
1316557906
1015710423
2072870561
34970796
711034156
147631069
1942832461
1399979142
1736619266
820675215
2067128873
279435135
2001205048
1120290029
653161642
1705860748
1421084524
315854264
423759490
1347373426
248123509
1765100944
1529070231
1884636841
1891717891
1333687076
356431782
2040886775
2135198952
1982089906
54225431
1304273209
850316680
2127095991
1339244004
1561350835
127243411
1134592816
813846329
1863862676
1955268031
733491553
2143297810
1808989430
1853781581
648975803
1367366530
1127382457
964830066
1791126019
327272234
1212953575
1408743314
1856342464
950106767
1152977556
1042545892
1306538548
1046380682
1030261195
1141144805
1100606112
187050755
1991461484
1080218454
1526294758
1405328671
1207461864
513403926
71691351
923840891
321188308
805182903
919655052
2130177737
511480835
1568630855
1350060618
1638863291
385977272
993702988
1966135524
1598930846
254962653
1674994340
401553965
1407940208
570056583
1708092512
306837242
1600317777
701753669
1407443353
1787368531
545731504
340178159
1166179640
1951060174
1547640022
1679583565
2022751524
323997265
2000771872
680450778
1243652316
1983465961
1191931613
664799522
1186042930
683311255
1050776794
32262270
501963131
502223991
287224922
29473822
903777955
1695165130
599530404
464386819
2002002371
52364532
1166140487
1261962075
1839733062
1711871990
1602140233
858429053
1515448516
1002296607
390528970
1390716391
1326293871
243817193
2071167169
422462538
79799505
1115615133
1087262060
1265842435
1798926387
2138038853
1298104704
153405869
492779195
1585329625
182879690
1396557150
1133011106
782410093
1860943968
987529828
834774624
879600806
102008255
527024037
443989147
1704148487
1385453090
1959437662
558961445
1775982059
1202670405
1885255315
2019799251
1126353925
160234205
2099598756
94485409
1247496264
1217957542
1893411795
1238051468
368578597
2046817664
1730830662
1953908221
82213705
979904163
939435679
864623798
693364482
1926965506
1699398421
1572965287
2028973760
78938810
2016954434
1585638599
1464391899
1828908447
2144600043
1092890309
884095203
1882371710
965205911
2010449127
2042605914
917321018
2104934535
1142618529
2135278559
1850862682
233186348
356373507
1750196697
1964017009
162798080
1832410401
796437524
1102233758
549550550
1489802005
881715615
101465323
915283644
763205727
180404132
784754429
201360677
1644796030
466179227
198477071
590202690
1350274430
2080848780
1555408600
1213239908
1975971045
325245970
1170690795
971105925
313040880
874069828
1204292272
669414387
476782876
1020825633
832212466
161709628
1817263156
1934446223
711260178
1159581512
668678189
812725500
2074865155
1431883915
993129631
712135935
1633244591
490442012
1178315162
1831721662
1080644701
381105943
1765086793
488569652
1594345850
1593574190
813815621
617552996
417196466
1126856501
1491622823
1621488738
1796270887
1968405698
494830722
480999704
2130115326
164610229
267962278
693891855
1324191740
936640466
1506617354
1251573247
221040733
352263336
1963709181
1854285323
842705347
994540694
1538523336
1923350047
1375646636
1156126481
264436050
822508838
602217022
1078251671
1440061833
1019413487
57624523
784201008
493418576
1853895409
605123057
988249297
187411464
587754734
1152859525
455373741
1281646588
329567617
1392014206
640780293
1581140863
1613054938
993043628
1397366395
1319856613
1835748974
244423441
710896300
1611615372
1620070076
1867022780
1876051422
295095265
321756153
806819444
1735157098
1341169640
864443966
371874457
1834588215
570855726
976997513
675353864
758267189
1564752247
1828213388
1213640929
698915186
10297356
458171486
1339695479
1591438218
2071226424
185255458
841320965
1243599388
2021004432
1085744405
1954495687
1485136155
558330832
1674034819
1213703928
853426097
1995790971
2020523371
441099546
1189476962
737483688
812974002
876581529
1308339413
1789971514
1551935392
2066606601
1207240112
1232665131
1132763881
1906155298
1242962487
1590935367
1098367128
686917056
1514678142
1283622585
1528238020
610793881
1157143368
466498776
417805919
494795875
1024829608
2091840737
1708499802
1878255704
1940148060
1581539525
171871601
982141373
171539564
984845602
1858722901
1479878977
627333467
1263174644
1399001929
1834573579
348356127
384282162
1593245228
1591318613
1975217528
544128707
130752020
1342412021
1827751291
1658990040
1953205901
837411011
2125488815
223528171
1332206885
1002834774
167885260
893223038
733606829
2108033319
327278914
905478429
942691043
498818478
1890324030
653930296
1978697454
370173849
1917104939
1230215734
57263779
117977417
1614497895
1650509006
1709296029
1442231774
47154064
1840048049
637160146
1874905354
1351554440
442882398
564832716
1329559606
666410569
1897039600
184910732
834295828
642778990
918517560
794845498
970057903
1823995989
1737536540
1468876380
1566836370
243983187
1300090185
1937010218
13604478
382822271
1994273996
131581894
1997320165
1497299353
1840877923
1292068291
1544453416
1533442323
1929228436
1271875122
737513114
224627186
1836707837
2067072719
891037754
1586263789
104499802
1725333581
81559130
1023017362
372695430
1051617032
699529702
2110231969
373009764
118882423
206731508
1673099948
2055892641
220335985
2055922218
1902682988
351917878
1905758735
1252498693
45312152
1050343377
649468460
1578754474
832088164
1921343581
168783939
1056715349
1610567770
88373010
1947753102
1049347910
192872811
1525603034
1130907039
1215890172
1898298463
35040422
1915419873
1861046784
408050185
2034302296
2067778291
2081150133
1942711288
140630627
1989588702
1697910627
492548504
1747863788
802925671
537860656
650723516
1452394131
2116615129
1482811680
1226254063
137915420
392043380
689338184
226288429
192312834
1738686093
419161239
1717915867
722109483
1635051411
1468730682
757149905
1402987635
1182293817
1165200089
1289806282
1102588459
1098866573
1085033921
1243219085
940971627
635460900
1735767588
541351766
1438386570
126144595
1192075282
743297052
95276076
527403313
1969551115
233191495
919446692
511405650
459479923
1111759525
102608095
878641161
682191744
824717577
366208923
3438777
1581867481
1769196558
1185732593
599583922
911519191
140837403
1698450494
1996553112
1384056487
491938472
484530363
972340426
1033290238
1922916932
1098485021
77881871
518730336
1193761096
605285183
340797802
1426952590
1524731874
852203451
1886432512
489007751
954811545
617590024
1171199494
1779529122
983798947
1174638270
1213912954
605511856
212887214
1813496875
1517031046
353724616
1364463721
1366100509
1737781102
1856402192
1850630871
562637879
742208781
1626064155
1661122899
820090651
2144794490
707400346
1425375833
338108643
2134352935
802624059
1190312093
1873301798
1291631809
2145123638
343408174
315347654
1777169111
1327207120
1489985923
843598416
1932718975
1702873136
509611643
1302266372
2056597751
1874075363
520883233
1646895204
1582993906
224030455
62049434
177719039
1850094609
1723172333
997809689
1847405450
283089030
275701874
38030444
269958317
1078325932
1228342537
2143260114
222474092
1225982526
339184639
537821745
855667988
1666391758
2027807667
1699266403
1451627084
1583197154
61394397
606409808
1492311256
1935469759
1127293040
991722811
1370980017
1351323494
1053772244
1548699055
1053934455
629460928
399025095
753856256
912549958
674726968
791886700
1182508274
1753052899
2020229236
1178284739
1975526990
1098728113
1517469378
365865086
1954396100
1036377487
246189104
1506178854
340520923
1829386257
1567573251
946930730
1174213864
1355559361
2074223769
18453026
579055729
1278063614
1072225270
2127754783
184514420
1701686197
379296230
938370676
466752506
1054023197
1730257375
1649260779
659592448
1603002962
680061870
487635789
554247426
50047599
853500875
361159877
1086425085
1099689978
1867338730
1426946007
781592587
1287428332
226393088
1955806450
495504045
153133208
1974259476
1074559773
1431196822
899001097
1054830908
1615711241
453203645
1434127137
406598268
919956151
340666685
2136855642
421733281
1000259132
1592374955
1101795150
1487894921
2146622380
1151842748
193912147
360298608
90784185
1293602124
80153690
1517730191
2075194710
1367582021
1744123279
1883517512
1863086065
1897256486
1710293339
790162190
1180969659
461810787
1844993097
649197252
915014431
1131636585
1055795519
1834970581
1472303269
1045167513
109220214
325078753
490058819
1211015363
1812973673
489197551
215374463
2006885819
849496158
306158647
1153004294
929649847
1823888837
1080715356
149748220
1420528467
816749219
2012834284
1170301305
379558909
655512825
203787315
841369695
353022273
852984566
1756384125
1484658857
1908780085
1443871058
809478478
806463949
1553091271
1134557230
1296522767
616622985
800047254
1785720317
831997447
659449424
487732827
1138156093
1812453717
1417382673
814561282
745685424
1567130892
87606100
1562434642
1432481528
1257907404
1941993550
2087994352
1461694719
635879596
293532977
167195636
244780073
1778191833
2075975720
1688651130
440186662
734956020
1094258752
1574743891
2031478787
1710881736
227307496
1669715455
395395535
886756919
9964633
1533551627
551726988
1427347306
200629260
1297412411
-501162663
1680315040
-2144457176
915634033
1192304946
-703400774
-904908751
706139515
469731750
87992700
619118987
1779758696
1124600363
313941820
-1616032000
570814984
-2025073584
1503803168
1520616598
759664724
398427835
-1322432464
484940820
-1406073806
753101876
214181192
1069993693
468977447
1725586072
-1530900553
-510125382
1359545070
1716272546
1213595136
1731605227
-850056700
1315165998
-926614773
1134698520
1264933163
-711128456
-30556752
1200885118
30992369
-844409278
973192825
-698969938
-932948401
2035761504
1662381728
-38330536
200128741
-1360921057
-1720270170
1658384984
862087635
-332817303
572324724
214200233
-435849631
-276708231
2122633164
1314572047
2096078048
-1880278488
1242825932
-1465700224
-86023088
1206651486
1764157720
418356756
-1217322317
2133523518
-1143990132
-911728073
-1177415792
-824026866
-147706360
-132764116
644770795
-1170177624
-81901332
451578390
-1932656974
256124896
929530931
-1208956215
62555384
1146584653
1936511999
-799576883
1730494348
-1295833376
-1844992862
-2114483938
485466018
-1220909997
1058281856
-831728456
-1399931969
-35068903
-1081577897
1177891250
325625328
-1153409412
1484863692
-442646724
2129257268
1240318157
91072694
-1586411372
-1151423928
1753950002
557456035
-286160493
-722063587
1547252553
1706158886
578029332
1672338984
788975134
1436867354
855617822
2039263010
-862065050
1809878936
-1349882730
-1759092827
1765839313
-2008567442
1721245212
161007166
-142441565
-1813020066
-502122392
-1559776444
-1043974553
-1556535927
-363476502
-1972624982
816796778
-839775765
1119657088
-433591988
1324961530
960851963
-1495676186
-1210824976
719805056
-972875303
-1394685848
1290447682
1717123503
-170167766
394349040
202264000
-815095118
-1553244295
1075566500
1421743430
512925904
-60127823
795119540
41401238
918107226
1273061684
1114313191
1343398038
-1203562756
749198429
-160358299
-867815520
2011624542
-1575611240
359979914
441184808
-228652249
-1124303345
1770686644
-492590598
476171246
-1510718797
891383466
1390104986
-1999976036
1456319776
168183352
-1318051040
-1680638063
1924934746
785422928
1830541881
-693195796
771923248
1171275281
-1085106856
1976235850
-398236964
2071441257
981426352
1881181248
-854156891
-264906494
1274932854
-114091422
-1613105328
907720467
-556677802
1695197407
-487963264
414160015
-1860593354
-1769288504
1356491684
-484909586
1120011940
-1960776938
-1737105614
1754650256
2044819852
-1084848844
1410953216
-1951254334
-969675982
1274836405
-623739092
1329960480
-886884324
-454383049
2048268434
-743378560
-1700340071
1852238560
-1428768043
606547897
-1290989996
583869004
-274096908
1562115196
1458829220
2090808178
-364904488
-121831810
-178170244
1229214999
366936272
222754880
792066099
-506392640
1100647566
1115698999
1574154
1080286436
894859678
541386224
618007828
1402957116
-1811170315
-1955385494
1432229941
1103751026
1917051024
-1383987044
736770742
1101558644
945245428
991692663
340470998
525596144
829855238
-431643126
893852808
-795834948
961585456
815874784
-358702806
777177207
-1523885292
-77393894
-741542076
1353005152
244771168
657958880
1723133908
1833089902
123402393
190009766
1446244186
-1727243179
2138221894
775366810
338693122
1750652398
1273209388
-1048673767
1369376110
791904356
-307648588
-352978968
-19466992
-1633587630
-2056478616
-243357052
-1842605264
-1087133593
-1512165492
-186963387
-1122098372
2144874468
910822716
-1979499960
-484315648
678664611
1556876022
-1396555388
829193605
-1836183752
1663068288
-218896336
503035328
-591357760
210596241
857105744
341113498
-1425410537
307848253
1465330901
-1930019598
-1168063580
-14584510
744106515
-25884380
-430529136
942982124
-992545885
456646808
1211998588
1606636660
-994360080
-599427475
2004748368
466882854
-600458320
-607264384
-2136265032
-295037856
2073917938
1141929260
-780349064
-735194470
135422996
2050230976
1042777263
-112111928
1535473696
-263950617
-1586117723
284515736
763550917
2018091076
392117017
1788676660
-1128871471
1545742779
-2087686347
-871488774
-152722781
1739945156
-110931868
-582038523
574439177
10078735
726909064
-908798982
-425811008
1539292480
-1868134832
-679382800
1824530680
-1774903936
656539948
2063754020
-1652350522
1777349003
-832959961
2006727249
-1634952290
-973763224
-845168640
902613248
1390330941
-1118865458
582521488
-14824582
1086192007
-521050050
-211935140
-79066352
-904591004
549275256
1231464158
89969496
-1691773818
1722039764
-1348002843
1474359943
-1502029640
109068796
-2107964185
-1496368400
103411457
773627508
-1699575486
997586800
-191188155
-720174668
-1420984098
-942316328
-2128944720
1555845120
-95194491
-794134047
-1437451864
-494527306
1656938432
-1386268846
-127650192
-103445246
1611485175
1195473407
-1902500908
1267329787
-1841344650
1611112408
-737372922
1316126912
1919874054
465290648
1684318027
-1569224621
-1415515560
-1700710480
539286493
797045097
143977435
70926493
1637361744
1046812768
142946924
-1976024496
335957048
975693760
86941120
-1274446438
1536374368
1439645458
64166108
1508651342
1713596728
725667544
180488220
1198991456
-973470043
1459688268
329681872
-786744492
-1863751364
-1661902530
-1033325460
655611208
-2042104648
1132443209
137818848
228006804
555204846
866487873
-195676412
934553408
-1669316944
-455033296
2145347182
-1945804544
101918255
-612682432
-125762759
371215351
-312387488
549010488
-1532176695
-883340630
-1377466227
821493672
-1892087071
883622686
-1617026550
522192872
336954140
2036825140
-26409634
-1895180495
317401354
1074775038
-1170054596
1734304424
-946245260
-748064002
-714173087
1988193072
462346177
166451481
-947589383
1562882724
-224853754
1807750984
715135248
49596304
-1699791099
-1129904412
1714796498
-442183904
-2083411044
-1244460828
2019948640
1024258868
-411798536
-1571420340
-1783545112
-362182884
-1473745936
566156282
510097789
-2125948191
-1988418426
588155156
580100826
-897228040
-1689861150
-1638787590
-1348278057
961902726
-925791680
476736064
891860044
-1142829913
-1913907726
1984047712
-1024479585
1004260910
115267278
1561646420
1031479620
-1933700642
-874850230
1602258477
585884015
-179054767
-1593523528
-1894000120
-683205912
693593534
-1813940542
1332568628
-557093415
-676098339
-933290876
-1422471850
-1308382064
-1470442936
-1242570320
-728888475
-1270496230
-195089082
-148490888
155511856
-496703337
-1027320172
1309352788
878326464
-1775649087
-249985952
2112967713
153939024
-1013745644
-1600742780
1701487824
1629500444
-1764680488
-73220990
1327336514
-1393092649
-423407011
-843075128
-1017950150
-491496953
-675307644
283039872
295277223
1065593672
-1587696968
1658613424
-1126409034
-1932241579
-271249846
971837964
-1951594445
-39874032
981353017
-581673778
-359605420
-1057103041
-1425906004
-1817786453
1387132192
73338344
-1903827646
-1657437424
-946342880
-1666447649
-21366938
-547183916
-272467648
-412563303
1021908418
-1853777531
1303865756
-1405852723
1147313741
-1135602737
937002336
1084740240
-88324382
-1544075562
-1954865142
-1464562935
1636381544
1840081029
-1278884778
-1824297364
102175304
-2004109872
976075282
1219117190
-288467848
-1373136961
427775808
-1073105922
891078831
-1525781931
1090229308
1121286029
1370428330
1549464027
-602371067
-1183331506
298824190
-1346546343
-337570490
-115544245
199714264
1326754264
1582437536
2092910720
-702873351
-71444116
1817449360
1600507784
1150048576
-1127117070
1934786410
574650729
-1091902126
-410652542
-2005037774
1552398944
1538918474
-572801584
-743671096
1373975320
-682146678
400563130
-1658976505
-829646224
-1027644696
-1232730080
-205784914
638121280
2061564016
-786107756
371769232
-271551574
-513349000
-996322691
-1626657708
-99928360
25605586
901798190
-2125447682
-193626892
1980372233
1658205604
971293398
-1457120066
920396098
-241446004
1639229206
192669651
1606220556
1585490411
2074459706
901357190
1935728545
1511346185
1463206448
-1829917304
-1513633592
582709743
-742220363
-1311803215
-1622704898
-366574276
-151884464
1831981761
1862526290
-973320128
292503072
1511812240
573796056
-1545825958
1635794932
-413477464
282991884
-1745153152
-1799206400
571059473
-1534532480
1029301424
-1110553336
-896050880
976772131
-1538712576
418542837
1676648070
-545245054
537822408
-706709410
2131254317
-1544788550
433046332
-658830121
-1725738171
319826384
1583154888
-1217041894
-1019689836
-1454966277
-270703001
1249744866
1682881913
-680267264
-705583132
-2118636036
-657072102
-1322675905
177854382
-1325972878
-1294060594
-587561756
-747695663
-1881579770
604188413
-1940504376
-2048779968
-1659183157
1734964474
-233002048
-1994820460
2134913900
710710544
-1222992796
-1926596601
-409748198
-2079211438
-1959762025
-895362724
1259717504
-663371229
-370650789
2026145985
-908016877
-1933983544
-1917423144
-835987914
-779841122
-405313042
1908481213
419019500
1039000268
1276753796
-1288653313
-1290480060
-1903366108
928991692
-478938513
1779786632
324643491
123999466
-1835485626
-659065921
-485993032
-1616910416
1988736283
2070252628
950162162
-132644924
375498812
642396302
1860616404
-113616750
1388535616
251526532
-320382952
-1851343114
-242364832
-958577888
-1889308757
704611560
96068806
-1594251279
-531287788
1254213718
967043088
2083158158
1356016688
-2032133464
125916085
143447172
-688979738
974783062
-658100954
2106266090
862427220
-307846441
-1612377416
-499156711
775953436
2133812172
1673311807
-1020598146
1010594440
-591663353
1819752960
2021519194
-1650604310
-1817493630
581551858
-523115760
-854064218
-948765162
919123758
1109883584
1563431523
2098390661
1309559594
703880670
-983765858
885022714
-1674022496
-1995076482
-1373426388
-550254907
1711092248
-279611582
-1249678310
298933340
-926068658
1623638197
-1769295552
-2123735494
1219674320
609237949
1154067188
-1163098169
-987856594
-1034447519
-1143274230
1171109051
900715334
-1220117088
-1639459440
-275830444
1426875988
-1697801150
-1064551212
1514003537
-459996017
880867008
-1304830804
2100259436
-677873927
1543496570
-1913498724
1420083496
-1693428528
1083679259
-1382948104
-1553148258
1099365559
415567501
951444570
939986941
22439721
1141234472
-1670039516
-1367104512
-705333760
-391280131
958852148
-22135518
1181590632
1682443941
-1927756394
-686176890
123025475
-1735648938
989843384
-542067524
335946332
-1162919232
-1982962505
-530488896
1426744862
1873352864
155201988
-389228570
1915323800
448370989
-1726292472
-2132796370
1650301630
-1902999449
-1987026816
1481057488
-862316574
-1126483312
-1907773513
-546110724
866050930
571009670
1520896074
1219847764
390110673
-2101119330
-2123606353
1065168350
-1128689367
-1197819592
2132105174
-283290456
-2076332600
1130983562
-1228211976
-322590280
-618051396
1298239253
-632790767
-1106383972
-513890701
1794505987
-634723659
1309304679
798358586
-155339274
-2071613201
1098894105
1427039760
1772075318
1493098
1394175055
746551826
-662832949
1184127428
1827111304
-1359701968
734267168
-1050242828
1531393790
-1937501148
717564282
1548129228
185640094
-1011829896
914352468
2034414771
383339782
-173927696
529433277
-1778006280
226713508
865342459
300499312
-146073520
1168066608
-797510707
-723330674
-1201638951
661487740
312424192
1102008238
-1495804530
-2010932895
-1064375308
67783651
-1321992692
497629778
-2141066720
-569904988
1473633454
-2048460913
93793192
1897711112
1173686932
497085605
-1595060206
-1212260582
912840840
1853944870
-2101412782
1355024268
1544884681
-2004138500
-120677024
2084324324
-2127605672
469045486
-867217088
1013051996
-216280518
-1393949781
-1901113959
-1773983236
-147910160
-301881428
-1469592508
-1541345584
-1173199200
1633169408
-1269934018
-898410616
-947410048
1576336862
1567789045
1215397728
1816841472
593911008
-292156786
208538990
1741384128
-1777649968
-1885738769
405027327
-778900574
416479492
547819532
-1279367886
1274313396
-528708786
-1386266670
-1100566142
-883162450
1867530862
1330190688
1635736932
-191216616
-333810360
-1369408240
99689040
-1297499864
-949759073
-1067430545
-1690466936
414830911
-490899920
-1682857749
1141971017
-270368004
-1242687696
414412726
-451846702
-152287462
-754249200
140844311
1524652638
-322102299
-948554588
1558410154
1090981232
-1856684363
1524465559
1025982689
1195156318
341707882
-3806208
997545112
363691602
-1323576125
-819902152
286250821
1830920008
-830115789
269686488
-195703869
21373695
-1758762832
1919092648
-1985669206
-2040709726
-353644726
484670170
1296845144
1691963304
-2029590484
149540324
-398172681
465256802
-585048980
-1231463266
1181420576
765057828
-601520072
1520382012
-1888750724
-1200427582
1535731820
2049454084
-1979798132
779590846
-1756238556
1619194256
-1935892096
-262543855
-1331821192
1108163878
360490250
-1220794360
-413797270
1560111104
-2128857213
-789000759
-1712623690
484435296
-344150056
-665016940
836444588
912926319
2114118700
-313647794
-1617287955
-550843086
-504983076
1555834537
-62697518
1823626246
491805498
2060484846
-1097252548
-1634999572
1373238266
153304046
-1586486777
-1189076632
-1208841808
494426112
-1265407197
598246608
46744848
695486350
1231543416
826818148
-1485356550
1986667816
1956379471
1193280846
-1844037753
578824978
2115080526
399592979
1474010306
-158400949
1038354086
2015694688
-1803035264
-1010819664
-160367341
1587773790
-1344496874
2062719038
1919969203
944246816
-2062556820
865138034
-959859176
-294900652
826757822
-1266117136
-1625487592
-1998352304
-656873119
-2010652908
-532073701
-1404211517
1312938899
-42990594
1178775968
162714167
395020651
1165825786
-934935255
250324284
-1819774048
49224392
60149310
-340541636
-1343630876
1841664968
84530120
-914865276
341083821
-176530304
-950417768
486717740
975907152
987295058
-850702640
-195530864
-417135057
-905853156
-474500605
1860857216
1714510598
550053328
-1067723831
-86942512
-2028082252
-1169815773
-693600502
788982016
-1200743780
-2121578698
554590368
-1461433276
137737664
29280172
-964532418
748084818
532487506
142202910
-1465458059
1904820720
-1006391949
-2133773396
-204097323
1818090336
1172168960
1475947310
-1164426896
-50344872
-1146071429
-2020832701
1269725604
1998909860
-1591472568
-1328545760
-1320467412
-374778203
-1844301824
1823434758
1791386256
-1759093252
-902833056
-514042654
1352520384
-1754123612
1771247068
1925000427
-1714623791
743870835
1773292186
1162606592
1664583098
1684428642
1157443956
-1882127438
-1353753756
-589224956
361842680
-1222922340
-959842018
-360406564
894788561
-279467611
352410771
1477219403
1552930981
-1074112432
1073385316
-620989690
-2139532540
-1518242705
291026631
-1911877128
365168941
985359498
-892744084
2000803434
-330982075
-2042389515
-1730669895
-453741759
238343169
1808911500
227147696
-1034769296
-1796737836
-1330994216
1887239920
-1322583336
462221005
-1660543344
960707160
-83760586
-792081900
-1143789104
-687283892
-1384059680
-1018003392
-127624836
623095520
-1839430327
1580793564
2117998088
-310639914
1301040808
-979932768
1836352788
-1175361393
955035442
-2018970494
-452903872
-953896960
-1275774143
-1636376914
657119878
334899699
633662584
1544667743
472935315
985476368
-979484012
-381834490
-836216312
-1405113962
213293080
-1551924845
1392420172
1276398362
1981898992
850400560
478753928
-1812979816
-1604406191
-1028209243
521845170
336140611
-389830603
-1322883904
1017912520
-2081277828
-572710304
421613096
-252510383
1917606728
1198978531
2034406991
-1300847336
2102978620
1005778245
-1008465493
40970062
-944904220
-774789519
-1763187522
-853522016
-1672427493
-735818856
936157716
1651610799
-1178998493
1850616327
984458478
-1876454018
305720390
-1120889131
-1447358465
-1004357318
-499491728
-142804096
1545415086
1674549048
-1071056413
323063136
-931600736
-47270080
-778203860
605015864
298197511
1358628580
987775053
764753774
783282445
596133250
440696594
547680884
1326474400
-1854731472
694587455
-1441099984
-1710673118
-1012236975
-486725211
-917474071
463177663
421957888
1677037354
-1249725366
-1729225968
-77857154
-1888600434
-2030682282
1702855200
-1192661631
1606184706
-528813000
-256895591
483082605
-2142644091
-21901493
-204350767
1602050924
1815181776
1774220656
1460242004
-454563112
1599510741
1305867462
-1707597960
-2141285568
34930250
1850699130
1249083800
958440912
-629388570
-1907132548
1458759533
-733684624
2059799480
-2076522956
206136790
-1765663569
416305600
-671888640
1782513530
573695929
1236351208
1389151894
-1292219485
1124197626
-1538772960
-735557444
1843070901
-1772356050
1676883566
-505904008
-877032672
1726701312
176245068
1464589508
384603024
422529138
158784405
665225098
2039472900
-1677918635
-2021083958
1327196074
-1339538636
2072858965
-739827928
449344692
218667547
1079147670
166178408
1961071119
-525653213
925899724
-471917400
-1897219662
-512271635
-708179071
-2016427524
625010319
-657010401
1935883998
-297976324
1249831044
855944922
-273255508
855668980
163043508
2076229240
-1694349383
391805952
1817022296
1328231492
-1641322747
-269535215
903252019
-995337526
1055949408
1430607100
408857489
1792552544
-1487235586
-915119904
2042445220
979118437
1485023984
1778918359
691686912
-811781884
-1574652347
432846054
2049811825
-1351892220
-1104903434
-720849544
427818114
-1662193088
-1711094424
-1972561382
2107638948
943848546
1954302829
1899771888
130522626
83230934
-1671775659
-1828820502
-782957804
1651603902
-834641236
1603754111
-1305713440
-2135799638
-541033308
1178195488
-1710092136
1082183302
-1208887320
2012078208
-86699172
1895467547
1976361310
-1601383862
1686647628
994119856
-732939778
1070465124
-677399138
1203566870
-727262228
1463079441
793257776
95987222
1635898941
1693347116
444891075
-654824400
-1586695717
1118113624
-1525394288
-1583682096
-563436728
-193625804
-178899248
689378403
-417116674
2110617697
1038671381
-1421812844
-97207343
2020715374
1991979337
-113724585
403997552
-526737646
970187120
-1585512856
255673163
-753695598
235305821
-246027646
-260837207
571473836
-918435108
1504908416
-1872845452
-393868172
-1521126598
52402436
1411161174
445821076
-127154784
-1875528482
-512741332
959732476
1000804942
96608286
2037031255
815447768
-1038075656
-1082142304
799770596
2111140560
-1644970065
2079589740
-42987734
251988304
1408112159
662187064
751259244
1274221712
1480920564
-82920353
-1980661940
663829311
2010422002
-1617453482
1698698470
-1742680192
-1719963476
-2110527920
566871918
1725194528
832701252
-917844156
1820712216
1172407162
1731445980
1913150996
173015131
-331306362
590366568
-760695888
1947301222
-232489260
-1149303536
1712592320
46570453
358815899
1353777488
-2031205616
1631023710
-1474637724
-1056908992
-24304580
-880116134
-114595458
1482462028
-1701317587
-538625396
-429831522
-735961364
1817459164
-144639427
1094947652
-1479229019
-980925508
1205207366
-1546205689
1497660362
-1266732243
489419844
-1901771841
-63437952
907287427
-994340308
-933558534
508028288
-1459133888
928691483
-286412227
1288669820
242146295
-1669249377
2145425439
411899540
1316818248
498431186
279307836
520265984
-559381467
712487229
-1795394708
13296426
-2030223552
-1006763020
-1967098307
-1217494539
910856367
-1521260974
1084256310
-1744924266
118101567
1714243448
-1515038325
2046917120
493974164
1603645972
-1619101941
1014646420
-698057252
-1305586799
-2033800118
-1327761698
1671391976
-1281598368
-365202406
-2003290601
-761885760
1775187216
1812923548
-1792253768
-1185122036
-2063183088
-15634356
-1480283231
1607784033
1816904228
1355220044
-1223585957
1294997972
1255842284
-351362316
986128346
854671854
1700665230
1263787568
-499124842
-1558690630
838869176
1910621174
1557522696
-280912161
-558961598
1122666552
-1952816532
345639980
-907224430
-1299058201
-1619935984
-1202625712
1340457409
1198346096
1848332769
283191804
1800614262
405374758
-2124200284
-878557594
1767389548
-1018241328
-66048760
-223704871
710610952
-1569854928
-1927983393
1389255070
1527530152
-1157657836
586759474
2045211752
-1973434586
-398383248
1877881484
-1516732464
2060832765
-2043370640
-775849608
1697882217
-1039099916
-1088843056
-261700275
-122062272
247468848
-456814813
-336419762
238015016
272635008
393411748
-1584015864
-1080873944
1399691512
-1079879142
-524638304
1731278837
2065934268
916001866
1486963483
593935508
2080042069
-1900835688
988977368
480428348
-8152393
-179761160
654003021
545412343
660090504
1620406054
-729767154
36030135
-2090322908
231683600
-740990541
1000797282
-570729377
-1897107370
1683547872
-894879438
-1686200496
-1139522328
1713019750
1138662208
-189111144
-259179856
-1254831589
-2136186352
2146801494
-1796404230
-1654236542
-1774491192
-1272914723
1172229481
-1003802120
-142543640
-285263980
-1617298541
1901328818
-1476092654
505571668
-2088241616
1596655526
-128607876
1499565040
301483025
-1951914056
2117756970
1070482168
-1268526612
1159968360
-1702631337
-1576058398
1334206460
-1913810878
-773410970
1837443972
1729963494
-1725177344
20966024
400864856
1847575514
-994208312
-1182669068
22231872
-1338281061
501441760
-482348880
-1818767448
2081913626
1887354157
1657319857
1903864922
2085128859
1142179898
1617571503
-4729011
-35650036
1370655768
1155479486
351674872
-207904660
669838349
1030304904
-1472831713
-1446243369
663242624
640616195
-1753791010
54284690
-1306721363
210636496
-798602344
2083870606
655672184
951606963
-1018590464
-1868792042
-2078879396
-950444288
699254447
-952844752
994414118
-111175540
-1855334496
-1051785086
-1510704632
-939463818
-1799962000
389652939
-921212223
-1444999202
1534372746
-791908715
1237751343
-219867738
719131572
-463982518
602730608
67554736
1935134480
-920669732
-951148733
2052735624
630297750
-2076572945
-1695802843
-2108376516
1538295832
1637436988
-1784736158
-1937157080
-1683273265
-913142248
-200697031
2117135128
700881168
-1503009496
-714528304
687626630
-955933716
-1229204928
-941045504
46458704
-2057085928
1485872860
1624402282
-2059540446
-902753672
2019016400
-165255294
-2070266573
1782648336
942334041
1546051842
-317374444
-421466356
817787294
-1751996088
211056707
-753875200
1701124540
669554586
-718662907
356061617
-588683132
-1673019843
-1707454464
-1071176822
1988588512
-1014257922
-899018980
-1827297115
595711484
246660251
-1067918694
-622609900
-1096675650
1951178320
684686416
917153772
-661065658
634687022
-345440712
1899041734
-1527473158
-1672205743
2135805412
1774829751
-451337109
351896477
-816591690
211562249
-384384761
1816786373
806933554
1908748618
-403645748
1004855476
-1410438844
-163014763
-1021568613
-763883745
-273087458
-1648777475
-1789945604
-71679909
1581412018
1666695750
1365094379
-1005371792
-1748380863
2009058850
284918848
1653260520
-573223520
793064224
774122324
1126266292
-550739007
1248959248
1115022904
1587283136
-310168744
864518168
-1820447367
258804691
-691256328
-1927052604
-1890182752
-53545048
395953748
-1139413877
-707181976
-1506790792
-231057644
1561884672
1589099008
798417208
1269619472
-1820275736
-966135136
-1600811349
973843112
-1238872852
-1410286592
-1741006420
-243508998
1792785416
-1278621056
-623024738
-1438465742
-1387718222
1915755520
1607354808
1382565402
-1041901944
-592325996
1714631945
-1515559060
-71544544
-2129463328
-1317984256
-1417378096
1432236028
-813186584
414349296
164580464
1620100708
-1046559008
129226572
1514369440
182326968
263996851
-1472793828
-192538176
1204840188
-1803926400
547691848
812663423
-2127146784
-2005767472
439946288
-1378444866
1684451744
99158230
1491112615
1963630550
-2067238112
-1707304692
-1703868420
-248478064
449291950
1468475598
1556148936
-1494082598
-1927302240
182386719
-21545116
-1994508466
1374615040
2064700702
1780554656
91371136
1885151952
1510499510
-816536576
-231934942
-1408931112
-1492303920
1854975864
-1416709048
1210768730
-427562612
591710752
-1202950192
658030992
-1720526519
2015646664
-741543062
-1450288060
-41705600
-1931317504
1656997114
1716157392
537393216
-1004061992
-1250633832
-1826162640
105686336
-712252692
1769917600
-1403117726
-1632728448
-1513501398
1456654368
-1686257544
1514411084
-1460967744
-329596928
1032793060
-29161956
-892114048
1686387550
-1892854400
-1182258080
-925055308
-996736912
-130194576
-1751124432
-54028024
-1987173712
-1964936000
-804012928
1195260710
1503795384
-72407360
-571318676
1177993458
49016864
-486705432
859863696
-1231834758
984769440
300895568
-1510715584
1807997120
1790375500
-1651417880
-427523072
-1185864320
-652176194
-862540196
2090905662
-1758099148
-1834000152
1399677886
519799376
-2121234816
2065699152
1159185600
2021458260
1060853548
-519975568
1534521344
1694105762
-2103870060
-1942594560
-1054338048
776160448
413733408
-780165253
-1885844134
-629119928
2094503340
2034061504
2111064264
-94512080
-365757904
1837272032
818120704
134735104
518819736
-1694338512
-1581000960
-877921608
-678615840
854072056
753583188
268172052
161080491
-88628286
-1480498996
-713539084
28625799
-1877336880
852340736
1429269248
1193579520
-845926864
2135571586
26086487
1594572336
1841299456
-733133802
-226621280
-478656846
-1078986304
-381567264
614094416
-257233672
-723636285
972819744
-1791365488
-23139724
-508249376
1318605188
-1703840944
1673986048
-1865776155
-1833738896
1220406144
1576279264
-960141815
-27989796
603936144
-2069969792
906723728
1063195985
-334527360
1064712869
1508468047
610704896
1077909952
504320
1825678720
-2107936064
-119296248
1653331776
-485791104
1851602940
1674498112
719534216
-1550542240
29857912
763496832
1467089006
-1027646208
546464000
-839537152
155600576
-578040065
-1688087296
1606269818
1763970952
1813703006
1904025360
2082746800
-189925122
-852797972
1030713184
-2091370216
957123888
-1660900647
474036612
1084216240
1892256000
-1479459212
-756955072
-1314015504
-1007053952
-888261216
1523820896
-672155552
539949277
-176254856
-1566623952
-1416571724
2060298378
908136448
403058068
679866048
-325430638
1206903192
1584684280
-38878974
2029227295
1734264256
557547568
-941857944
977744469
-1449047976
1060546688
100047472
473051420
-61561216
1242902860
818472704
668732512
1940174416
1778250320
723797696
806307248
-988235410
1089316264
1044616598
585048576
-1399075848
1440771712
782972526
-310386824
-399861456
1629079006
-299534932
1878149348
972604672
1566120480
-225024032
798715000
1005877056
-874823734
1835460076
-1584548029
-614218240
1590889708
-658403750
1852962056
-1773287352
1875100288
-2107120276
1309396360
1738166656
1379473435
-1973122804
-1274225554
970301574
835991374
-1485466238
1784251968
574050304
302807564
-1337207680
-2089951616
965696634
1272927140
-720812352
-661430752
1367956160
140663364
1194412304
141794560
1835839872
346652864
438101408
-1309479784
2086870752
-219501124
-1952965096
-1135192380
786170580
-1262381544
-1002663646
-1841995772
2115198556
1182739625
2093062528
792509112
1305928229
845496712
113248592
-816122752
-934776320
-243445776
1495792672
2046454272
-957814272
-98625536
-334296576
-603008000
-1563201986
275459472
-1465454458
-397769320
1341729523
-701789568
-120766712
-2049468931
2103092178
1478592512
933047192
-1746689582
-1945096772
-1774869980
771226862
-1703691776
283740222
2082884352
-2067721536
930162364
-236973484
1496004932
463518336
-1257656933
-1499355432
1458475920
111881956
-658714564
-1313553104
-704675396
-1574592336
814807032
-839469826
1440444474
542897792
-1595854628
-257650872
1125028168
1978325224
1679777024
289437456
-1214452736
-704225544
-321681306
-1291182920
-1605224224
1192353664
1727860052
1168644420
1606863548
1155405452
-293614600
-1290192304
-10433790
-1645471304
-1022336000
442538196
-510196448
496698436
-2116596096
1014267759
1069248620
-955403188
-1274319680
-1983526180
126358064
1900949848
1371031334
-1392400256
1600670096
-170225748
878753902
-209078706
925972928
741745472
-187592280
1999204116
-173746880
-1520676720
-181502550
-1630163872
-1223388688
-1134205680
436089547
-1566969102
126693736
1248006144
-1917084160
13353704
1088988936
816437892
1438871938
1214901024
-296125184
-666116032
-1948212544
-2119675368
-587443272
-1172519568
-231067022
-698324992
1718395680
-65182172
-2136915540
-126995384
2060631294
-1415385406
757621240
605150320
-464572976
-1760122304
624950124
18006364
413833817
160041427
-1203281476
1777126487
693507936
-1813081930
-1843315642
-270044128
595351040
1979927064
-2048959192
721283048
1641749344
1973752626
929422128
-1452179744
72251600
647696128
1973289142
269002012
1664115200
-657209138
-1520192164
-1675487272
823655552
313927474
115166528
1563443556
-1272131628
-1242446800
-2011153704
-1028935972
229919104
993669584
814723840
-670033218
2097734556
-96232128
1824337728
1514012672
-109710608
304363776
1401259744
1361010688
1409662724
1221880832
2026388753
-1470087032
-1763844520
-766697768
791321252
1654260420
2103822720
1458708160
1523791104
-1921124392
-472461832
1657619920
676850435
1183134528
-1411595956
-2015214176
729465970
1000235700
-2079835040
-945502269
242554270
-687622144
1844439216
-941283928
-1005754776
1006898440
1087888701
1080656768
98466708
1412811012
-800437824
2048787248
-160125042
-838149464
1502418048
-316773088
762335224
-90578512
1893342696
714885184
889174400
366634960
-100222896
-1878192128
780369115
-1967017408
-217325344
1580933524
-98401944
495910730
-2006126020
399034092
829542380
1953700688
2030661740
1506851288
-640385024
-755165072
957071072
-843632928
-189828848
-431022830
-1302096770
1480690890
41642198
1474574400
562022400
-1977843718
-1437687980
-1495259552
-997278184
127655904
1123428384
391624576
-100353388
-824801391
-1036348198
-280401568
-330144642
207594140
1354274048
-1151952760
1252386336
2034141984
1243316864
-383649248
-1835906144
2030601472
-1647167964
325208192
1643631328
2077314896
-2050939492
735844864
2135875816
453061248
-388080384
-777988644
-1264017508
1368457904
-1997966780
1185187552
-1414959616
-418660736
1443426353
324620560
1057081600
-1686783908
-1611849728
-1099475520
-988803904
-1849392384
1295180020
-163324701
358821888
-909154508
458538664
687570320
1407345440
-1162480696
-906670411
-808510703
193883024
1555646552
389861052
-291420216
891389506
1200210104
-1947776503
2073680889
1571142796
-360047360
-1453224224
-1110607232
1427134800
165330576
533554240
1500983936
60579584
-1182319136
-654909728
-1924722576
372531328
57945326
-1039296384
1960882176
912571156
-2028229144
541086093
-623104704
-2063764432
-1957890544
1580742308
-1718998944
1216938368
1057021720
-2052347462
343880415
1241757184
1969333888
-2110549336
2017515736
2139685480
1005585452
124714778
1564816292
787031232
-94193400
-1519756372
-1493230091
-222842076
2129500734
-19994938
739248128
1470677008
-324879328
467011584
-1255049824
102725692
1878862870
-147265126
1320196136
1531297280
-1976288048
359974850
-539382995
-448975104
-218568156
-759483936
-1058933324
-557305312
838479984
214436645
-173344265
-597845204
-1638835456
715005664
-2132920130
1445578240
857518404
-77577344
2006397288
-2045056080
-1527074464
-42203830
169033728
-1167608534
-390412304
-1469183698
-141797504
-631768954
-589153392
1359011840
1933405744
-431344096
-579079854
66345044
1758680100
977650756
534775840
-363503662
2084735000
-1316810524
241652944
-1374748563
1884668868
-588522782
-1312270864
917334136
1288629136
135064760
-564224000
-1387568812
1168585571
1344053184
1888581308
-1019485376
788754304
-795680592
144802304
583470612
-1134422138
-1356501544
2140554992
2066590208
1686970536
-259970118
411996128
361087758
-1412430776
-396851288
1188236064
1659430120
-1644616960
-665603216
-1952043520
333738218
1459825656
1044758176
1099362744
-2020642232
-1716520400
-1091832002
-327811964
304545040
-1866366592
-249671040
-1808666048
-728694470
-1255735819
1382571988
127135838
929037072
1196059104
1133625464
641027850
368553938
-601264176
-1738814976
-864358840
1514919768
-1418968960
440710696
-1967296312
-2053650382
2057838912
1531056768
-788354000
-1113966664
-657915728
1135851424
-963974848
71437620
505014158
-1105790652
-1017943552
1864705632
1674390656
-767221152
-37460776
-1220972260
883978352
-1207498720
-1611787968
1784764608
-2059711632
499761120
626580736
298599704
532589416
-1750287716
-1989456472
118661484
1390685908
1320042856
-2122735994
-534807564
406133888
668364932
-703127808
1455332544
411711372
-1569249175
-335701012
-1736342256
1715715072
280498641
1593553848
580782336
788260193
-851111410
-316385884
469296776
-1774764544
-894706800
417846364
-1723753060
220628012
59995904
1430579798
345472000
-480915424
-1555139392
-1641389108
2127472548
2133916420
-1356979344
-471969848
170062852
1956126752
-1777818192
2115438000
-1963816578
1556539296
-1295488744
682469744
-674549936
-721075856
-779708888
1061222488
322070792
-1532918144
2097469128
-1593204784
-403862608
1484844520
1181753200
-143298240
1864335504
1901890688
-2124229868
-1484048240
-1764119552
-1275459414
-564907008
171769120
-1110276416
-450673088
1092938476
83788238
-1149432540
1521016896
105527780
-1496353384
-2039904968
2029078036
1493507516
1454300464
1490937950
-1319137472
-603722336
-1520702352
223424000
720638096
-1324326560
238156020
-1724763736
969610936
1849912864
845932342
-28054552
737473312
-1903019968
-1560837320
2134621360
-1894838304
-1853213746
-1091666184
-2006543720
-1894315008
-137015616
96527440
634386688
2124329888
-580631680
483317138
1632330810
-1886978274
-583138397
1353130272
-419332592
777696636
-823405448
-893219712
-787422310
-1505634902
-108020864
1405760656
1970680064
-1924632
-1735266048
641915680
38333312
-1704052720
-793088096
1269696523
-1401956436
579967835
-1241740616
907182176
-1215419648
-2016726892
912366512
2063774347
-1742645856
212671224
985822296
2088905560
-870315648
1898289280
2088020360
-1038860288
159805312
-847117544
299447280
-1657498208
1626316080
1757018546
-44978960
1823294064
648811776
-1755357416
-763921547
1271652212
1281302528
-98027456
1636965644
1073061780
-1873610744
270917472
1719585216
-658898796
1053476688
-654025190
-2029179396
639702687
-210789274
607993187
71624820
-1233365136
-1527095148
1821322949
1110607270
883057044
-1836373844
1141432528
1699437730
-778053120
-2059365376
-1961895152
-1520625904
-1977251328
2036387904
1886956987
298842592
1106915584
-2009587812
-1873841984
-961454080
782938112
1583101568
-2072391456
329986784
-820359168
2132303824
1676638976
-930466108
1385177088
1094777296
2119502644
2002131328
1083899904
-1147870016
1035510144
689470400
46738048
1962765056
-1702721388
1313069312
-1029323776
2093735712
-624572672
-2145356608
223268762
-1638851392
1109523408
-1607674400
-928342800
305190464
-129192676
564720640
-1780654912
1686718464
-1774413824
-1884417872
-1579869824
-1400350384
334866816
1892332800
-462394360
-390676440
-517439488
-621270752
-1497893376
2136190080
1917507328
1611773248
202062080
-528101632
1424589056
-15532032
1176814080
458876160
-393120896
32211200
-160276096
-285096960
-1772127488
-1761224192
146162200
-165651200
-1037567840
-1575599616
-1210486784
-1822522144
760610816
-1138583480
1573583512
728474672
-1057552384
58604544
726386288
842596352
396982184
-1624244224
-436332544
1876824126
-1592178592
-1784867328
2080385280
-437321728
1234892800
947277824
85278976
-1350649504
-605911460
-1425981800
1111966636
-1503723520
1406926848
1240642656
-2107874736
1853882368
-50479296
2132215808
238378368
1395056480
-1355826880
-984532096
-1825570816
-1113397968
1643122688
521131964
-1945303040
-1883976048
1023764096
-2046770688
1831305216
-848355328
-1975289344
-1549904384
1814864384
1240554752
1222644992
-1942159360
970358784
651766528
1643101904
1960245216
-1879323488
936742016
1025305728
930834660
-1116131328
2030976256
1448560640
-107299840
-976278816
-481501568
-1546860280
2062368768
-1571051136
-296408256
492665150
400888832
-1989193336
-1834095616
1147688000
-981471744
975872000
-723478272
-1790811136
1922274864
864545792
277515264
-616737392
1115867040
1930243376
1744896
787689728
1006557312
1061544132
524453888
-2063428400
-545082368
1032674656
-1972725632
-1182190808
428585684
936995968
-1229471744
-491700224
-1491547096
-1453107200
-1344038144
-1946234880
-1748688896
-703080704
1298664576
-1230824864
-2145616928
929629320
-2036000068
-827501568
1546422440
1594157056
-921116672
-442155008
737148928
1346895872
-1254561568
-724537968
-1500678272
1883173608
1964609536
-954180944
-1893505424
-122754048
-1407309312
-1387117312
1807061584
1725524864
982245760
1973960048
-219283648
-981632384
-1000463988
-1279273472
-1855974336
887375872
1803730944
-1889167664
303128832
464967168
-1845873168
712694688
-177216352
-41164800
-1474609536
-504702464
-537177388
1100695808
-2043051712
-796214512
-1107605504
-1951573016
-137488256
1958633984
-1869125376
746835872
108263936
134497200
-212532144
-740294656
-1799131328
-163497208
904830976
886091776
859359552
448777184
239403008
391365680
-1630748816
1788792304
953338624
473731840
-1360097028
-1331877388
-1822264928
-795067964
1619181568
-1521071168
841248512
-1759944864
133174784
-1271092736
410302464
381669384
485264384
2038290048
-1106902320
1349544064
1768172032
-2080083968
-1921595960
319164416
908066816
1921507328
-1927446528
-740873216
-1099686208
-714755488
75580928
-123879424
-1475342016
-785530512
640579328
-833519296
1613181824
-1305130662
-112295936
195050560
-1108409624
2016314880
-640620800
-762080096
-1257606144
1999017728
-1176144000
907698176
1572729088
-1091784704
1312028672
295254048
504351064
1075590544
1112704448
1540096000
1919451648
1111739904
-642468132
-1593065252
1941045248
117589000
-893462272
800521216
403248640
-1041676934
-1274323648
1237634048
-679132928
1313591296
-1882999808
-348081152
150499328
257090752
1110937600
1198555136
-1422526960
803673792
1540636672
802649728
1639288832
-2009628672
-1920643072
2012011520
-1003253760
-1211870688
-367107584
-917222296
859657360
216527008
-1712377456
596964984
-768858068
-772841472
-406009856
-227548160
-2118287360
322855936
1081227264
1490667264
35504128
-1505414968
-2046198784
750060096
-358838272
-688853136
2093451776
-460700672
-1885222976
695222392
661506816
392833376
-504003212
1178402804
117473280
-1197408256
-1524985472
-1438872772
1270198272
-182729312
19284736
-823540864
1255923328
280875056
-780762252
970563584
-900664320
909995520
1994157952
1617831360
57180160
-877175520
1153027328
-2078408704
1456203264
1070030568
2051139984
996837952
269137248
2049907856
1498921736
1812056192
-2136862848
-1314095104
-1524299968
-1308990720
-353589248
-1883625472
-1222252784
-1823776768
-1213337072
247692864
730122048
2049611008
-1451732992
1376128000
-1502246144
-1822430272
1293084576
629554240
154910720
-75292032
571488740
-355651616
-769023744
-580342732
-248897536
-1485283136
-523955200
-2028714224
2028412928
-775286144
-1204929024
-2070961920
2068750264
-217858048
-1420185600
1310089120
-1398698496
-776278016
-1139109376
-1880770560
1654260576
-2098500896
145676832
1229945272
182104576
-1438957568
326281324
868702912
482900992
887191552
-938713778
-484518112
723312640
1105056784
1354003456
1379641344
745183232
-1335229776
2117557696
-602677472
-162875904
-1581253472
2091276032
70288128
231332224
-1458316608
1050678272
-1812738304
-625529472
1634710528
1812494848
-602882048
227182592
-562259968
-1682226432
2079831800
-1428817664
282177856
2021898928
-1088899168
18335744
65806336
785171968
1427772448
2135811840
1233787632
-89405440
-730900864
-1928829376
-1194011840
1391525888
-893267968
584888320
906980116
-1489647078
1306513920
967033376
-1013054208
-336329984
-1099984896
-825006080
1637085184
181533184
-495737756
-1694845080
-254795776
36635072
1390591456
1806280000
1604043776
128287744
1373634560
-942100864
1778331136
225423072
2041786368
-445710856
-671449088
-1665015040
1336695968
168421376
-1654965696
-500616296
384362330
-978482980
1141673152
-1264669506
531935088
727253920
-368574464
41689344
-914194432
-1345853792
946134016
1057488896
-1770520576
-620592128
-1995374592
1431055360
1144651776
1746251264
-2143289344
-1542348800
356745216
2088858624
645169152
-1837023232
1435143040
1811965440
383245312
1264496640
-455737344
1663598592
880113664
1876393984
273080640
-1584398336
-1220345856
-1011302400
-1340669952
-1828716544
1401552896
-776765440
1948647424
-1245839360
-1996310528
-338083840
469893120
-802160640
-467641216
-706740224
250609664
-947912704
1695141888
1863860224
1191182336
-1115684864
1106337792
1701187232
-1529610240
578813952
-2013265920
-591790080
829788160
1959682048
-1996488704
2042347520
-473661440
397213696
1879048192
-151257088
-1193672704
16777216
-2021654528
-993942016
1391316992
1331077632
-2140143616
1759510528
-381440000
514457600
1138941952
1408161792
1209098240
169050112
2040528896
1326104576
-1928331264
1190685184
-753008640
1223720960
-839901184
-1841152000
534753280
-1175966432
-1595932672
-1431175168
776470528
-369098752
-2113961984
249771008
2000495584
643768320
184549376
0
2130706432
57980928
692748288
-1202074368
1522008064
-569405440
-491700224
-1074664448
678002176
749568000
-973078528
569692160
-776560640
1388561408
1177550848
240158720
-409255936
1028423680
-470043648
-466485248
-1113440256
466872064
402653184
1314193408
-1906573312
861929472
-1438276352
1546473472
-2007976960
-316216192
14352384
-1848098816
942817280
-1573912576
-1926995968
-1192540160
-1020985344
765952000
0
1342177280
143196160
824590336
-1590689792
-1492447232
373317632
-2011627520
1232017920
-622198784
-845643776
-1770225664
-1268776960
1518338048
1671195392
85720064
-1744830464
-21428224
-319291392
-1181038592
-1784152064
-53694336
-204734464
-1103101952
-1363148800
1173094400
302514176
-592445440
2066219008
-671088640
264241152
120602624
-716891520
-320472576
817700000
-2097152000
1174405120
769654784
-532676608
-358031360
-1337720832
1092771840
-1500577792
-1103681536
-1132880000
737804288
-2122317824
-1524285440
981000192
1793769472
-576002624
1820327936
1231618048
-1461714944
-1582129152
-201326592
-26310016
36902912
4592768
-56377344
-1566572544
-1795686400
-1111851008
1433796608
-2130489344
646971392
-997982208
-47343616
-806354944
1534671360
1979441152
1242464256
-615579648
676462592
1132134400
-1975863296
1409286144
212516864
-52428800
1464664064
2058361856
424800256
855572480
1978990592
-1521840128
-474218496
-1621671936
-71303168
105640960
1608564736
-1902485504
307003392
-988348416
-833978368
-607649792
1711276032
-1547173888
-582010880
-1632478208
1859452928
549453824
1976098816
1130070016
-1404264448
1598029824
-16777216
-550328312
253640704
-1643184128
41943040
1751121920
1529234592
1278738432
-705636352
-1525678080
805306368
579616768
-1677295616
-1619001344
-1248788480
1862620672
81830232
-832473472
-1125386752
134217728
-1332740096
-536870912
-536870912
-335544320
1811939328
0
369098752
-1610612736
865402880
792723456
0
-2080374784
-201326592
1073741824
0
0
0
-1509949440
0
1879048192
0
-201326592
0
-1441005568
0
0
-167772160
0
-2147483648
0
0
0
1570766848
0
-536870912
-1392508928
-805306368
0
-1610612736
0
1207959552
-840564736
0
0
1711276032
882638848
0
0
679477248
-2147483648
-1493172224
-452984832
0
-1300234240
-2147483648
-1610612736
671088640
666894336
0
0
-997195776
1179254784
-1073741824
0
1526726656
-2147483648
0
1073741824
0
1610612736
-1006632960
1073741824
0
1112801280
0
-1073741824
1409286144
0
0
0
0
0
811663360
-536870912
0
0
-2147483648
1476395008
1124073472
0
1744830464
-536870912
0
0
-193200128
-1663041536
0
0
0
1610612736
1610612736
805306368
0
1744830464
0
0
-163577856
0
-1073741824
0
1996488704
-1342177280
-2147483648
0
-1073741824
-1946157056
0
805306368
0
-755892224
0
-1140850688
1073741824
0
-1610612736
0
-991195136
1868496896
0
0
0
0
0
0
0
0
0
0
0
0
0
0
0
0
0
0
0
0
0
0
0
0
0
0
0
0
0
0
0
0
0
0
0
0
0
0
0
0
0
0
0
0
0
0
0
0
0
0
0
0
0
0
0
0
0
0
0
0
0
0
0
0
0
0
0
0
0
0
0
0
0
0
0
0
0
0
0
0
0
0
0
0
0
0
0
0
0
0
0
0
0
0
0
0
0
0
0
0
0
0
0
0
0
0
0
0
0
0
0
0
0
0
0
0
0
0
0
0
0
0
0
0
0
0
0
0
